rouge-1[f]: 0.9027819920336283 
rouge-1[p]: 0.8685141552359813 
rouge-1[r]: 0.9471667203711044 
rouge-2[f]: 0.8059297579434064 
rouge-2[p]: 0.7723395863541211 
rouge-2[r]: 0.8554453613000864 
rouge-l[f]: 0.8700666494006843 
rouge-l[p]: 0.8700666494006843 
rouge-l[r]: 0.8700666494006843 
